CSf_movie_01
18234
3467

19890
3275

20286
3355

18355
3318

19097
3085

18336
3344

19580
3412

18495
2820

19694
3595

19817
3276

20606
3542

20593
7773

34129
10715

32818
11077

31886
10699

34171
11117

34475
11330

34567
11179

31070
9721

35431
11790

33996
11197

34204
11092

21356
5379

34023
6784

32764
7148

34901
6764

34043
7231

36087
7643

36401
7710

35273
6743

35004
7096

33871
7122

36837
7265

20808
5974

31934
5930

32075
5778

33342
6051

35406
6261

32981
5388

32619
6152

31527
5435

33006
6033

31625
6205

35108
6616

19924
4570

29965
5288

34022
6001

33240
6360

34189
6230

34094
5911

35856
6103

36614
6405

35624
5753

31741
5665

37208
6609

20969
4679

33816
5920

33370
5641

35628
6118

35010
6064

33822
5677

34522
5977

35025
5646

36526
6238

36593
6564

36778
6487

21077
5943

33962
7850

35871
8513

33881
7580

34716
7696

34149
7563

34265
7794

33726
7824

36341
8492

35226
8173

35188
8062

21270
6700

34434
8707

36348
9630

34097
8680

36925
9222

34768
8591

34547
8583

35893
9120

36615
9817

36018
9677

37034
9881

20607
4144

30868
4512

35103
5181

32523
5700

37059
5414

35163
5405

33794
5204

35778
5012

34891
4862

35110
5180

34991
5083

21045
6368

35269
6821

34983
6404

34625
6738

36602
6771

36769
7427

36600
7214

36654
7106

35040
6222

35735
6909

36961
6874

21399
5604

33932
7700

33928
8108

32375
7520

33561
7020

36877
7967

35608
7845

36240
8119

35325
7542

35776
7715

37187
8342

21642
6731

34251
7468

36936
8419

35712
8031

37865
8345

37135
8264

35776
7751

37193
8475

35370
7277

37072
7795

37274
8676

CSf_movie_02
11843
8238

13037
9007

14227
9829

11377
8055

13645
8831

15240
10507

13242
8718

12428
8470

13948
8697

13530
9644

14946
10047

10889
6777

12037
7555

11594
7042

11647
7617

10228
7178

12235
8239

12129
7715

10250
5720

11939
7351

10618
6799

12623
8032

12402
9231

12159
9296

12335
9858

11778
9286

12116
9268

13321
9967

11383
8990

10897
8263

10951
8071

12824
9902

14830
10379

13299
9501

11642
8368

12258
9196

12090
8362

12292
8179

15095
10498

12064
8807

10862
7777

12852
8929

13273
9451

13277
9453

11213
7942

12339
8744

12212
8940

12597
8850

12383
8144

12199
8756

11404
8290

12982
9375

13609
9396

13384
9140

13670
8912

11887
2444

9202
1988

11076
2311

11252
2289

10538
2163

12942
3067

14093
2940

11686
2357

9468
1729

11527
2361

12979
2778

14057
7775

11976
6726

12950
7216

14868
7719

11502
6062

13308
5988

11967
6315

13437
6900

13953
7165

12531
6481

13336
6683

13123
7461

12672
7387

11928
7644

12717
8153

11434
7617

15479
7755

12758
7295

13315
7727

14066
8539

14057
8521

12255
7880

12180
8247

10738
6983

11385
7241

11269
7728

12880
8509

13038
9213

14179
9246

13143
8074

12788
8306

13617
9446

13663
9194

13768
7408

12654
7671

11425
6369

13530
7398

13695
8021

11281
7130

14816
8592

14083
7513

12933
7977

14810
8738

14625
8488

13735
9157

11424
8126

13599
9883

14351
9985

13700
8965

13510
8937

13813
9065

14459
9565

14152
10325

15189
9636

14109
9662

13811
8872

12494
8421

14591
9711

13092
9081

12799
8660

13755
7923

13407
8895

11542
8308

13031
9078

13780
9265

12886
9020

CSf_movie_03
30049
6377

21693
4390

20697
4060

28855
6260

26733
6536

29534
6433

21443
5668

24447
5120

22020
5356

24446
5264

24742
5975

29711
4079

18368
2382

22079
4057

29092
4577

26947
4466

29542
4038

23665
3690

21914
3443

23170
3552

21407
3162

23488
3702

21450
222

19456
241

9565
138

26670
240

35445
302

24403
198

19639
152

38729
271

37236
302

41040
310

41040
310

20683
5950

22498
6106

9641
3125

17848
5738

17694
5546

21068
6303

16290
4117

14922
4722

14378
4993

14103
4401

14816
5345

29187
8282

30298
8646

27243
6728

18152
6221

35507
9445

26259
7399

20924
5216

30665
7841

27237
6904

31494
8133

31607
8509

26934
1733

27597
1766

35700
2603

18046
1925

35428
2873

27916
1968

24226
1914

37835
3148

37658
3306

37336
2896

39318
3366

29498
5372

29865
5103

24426
3210

20998
4000

25973
4721

27571
4725

22699
3762

27151
4533

26440
4759

26679
4085

28265
4618

21969
6821

25513
7708

20104
5976

17397
5871

21136
6544

24441
7897

23435
7673

23310
7357

23871
7733

22227
7215

23195
7589

24596
3795

22619
3973

38819
4393

15325
2446

30524
3907

37730
4693

27251
4372

22520
3313

36378
4443

39885
4767

40013
4844

21976
2987

23274
3788

37240
4524

14349
2002

27051
3267

37382
4903

26434
4115

23281
3180

36293
4391

36918
4733

39641
5004

25800
1519

22649
1554

41040
1966

15661
989

31913
1659

38010
1867

27346
1830

22628
926

39921
1951

37652
1761

41040
1966

24069
481

22866
470

41040
898

14217
267

31192
630

39005
846

28132
706

22254
569

39950
881

39583
878

41040
898

CSf_movie_04
25999
2302

30488
3357

29237
3306

35386
3508

32707
3635

28531
3215

30761
3034

34509
3512

30839
3430

24616
2168

40772
3888

25787
4935

23339
3669

21551
4345

26241
4700

27010
5308

21406
3955

21807
4010

30471
5561

23220
4214

19775
3567

31369
5581

29094
7901

21188
6222

28458
7708

28891
8105

29245
7528

26407
7213

29330
7715

32749
8410

27796
7269

24484
6723

33644
8725

25804
7297

20132
6190

27759
7299

30210
7901

26909
7142

26207
6368

29445
7109

30905
7941

23950
6673

22693
5993

27765
7965

34456
5712

25858
3959

29944
4041

32607
5538

33732
5190

25993
3643

31322
4707

34022
4964

27565
4060

29368
4434

34313
5447

31348
6791

26454
6356

29526
5035

28500
6461

33641
7023

26941
5822

28379
5640

37176
7578

28210
5181

23733
4456

36546
7774

26492
7760

18835
6439

26621
6972

27615
7815

25057
7130

26537
8209

26194
6979

27211
7749

21625
5807

23083
5889

29685
9042

29213
8344

19874
6159

29479
7759

31272
8070

30428
8337

27859
8020

26005
6964

30620
7972

26210
6723

26548
7094

28579
7869

31903
6165

25857
5722

32682
5955

31364
6373

33365
6524

36440
7929

26718
5600

30231
5824

28661
6039

24625
5056

36289
7442

30778
12077

23084
9243

28750
11297

27343
10848

27826
10937

28535
11059

22689
8885

28043
11211

30053
11606

21574
8508

29169
11491

22508
4600

17324
3980

24117
5465

24179
4937

26875
5120

22203
5406

22385
5178

25822
5563

24517
5389

18930
4550

28040
5239

40728
3120

31073
2035

34662
2222

32986
2673

34642
2443

37008
2749

30962
2559

29929
2023

37306
2445

28878
2066

30650
2578

CSf_movie_05
13806
10540

13413
10348

13853
10490

13154
9894

11947
9008

13371
9998

11098
8087

13911
10919

11448
8582

11129
7959

12649
9590

13415
7967

14202
6676

13938
7935

12468
7142

13538
7901

10732
6183

13172
7695

12187
6375

13300
7068

13077
7541

13871
7784

13925
10604

15132
10401

14580
10442

12663
8951

12700
9320

14237
10368

12312
8329

13168
9978

12787
8844

12943
9577

12712
9094

14048
9717

14563
10030

14313
9273

12597
8652

15329
10815

15150
10293

13468
8910

14889
10390

12794
7912

11964
8552

13233
9696

12897
9987

12568
10002

11987
9395

12108
9220

12867
10032

12446
9772

10933
8396

11366
9046

12354
9083

11099
8702

11536
8933

12527
10299

14449
11609

12800
10407

15774
12937

13670
11241

11665
9675

11270
9172

14020
11045

12048
9798

9520
7772

11964
9384

13404
10362

11076
8415

13692
10423

14989
11684

12720
9948

11247
8748

12806
9917

11352
8891

12456
9478

12904
9528

14155
10846

10834
8723

13249
10368

11667
8556

13002
9352

10881
8116

10420
7583

12542
9653

12559
9830

11924
8673

12767
9746

11471
8607

14457
11815

13183
10492

13127
10736

15127
12435

11925
9817

13912
11731

11701
9645

13242
11316

12515
10503

12459
9881

12154
10175

11630
7983

13903
9135

12558
8688

12793
8629

12814
9290

11767
8378

12655
8918

12461
8733

12278
9110

11852
8626

12429
8175

10847
9021

13214
10503

12181
9699

11543
9749

11095
9625

8866
7361

12664
10351

12823
10480

11887
9445

11381
9179

12977
10557

12756
9828

14370
10797

12373
9478

13103
10537

11847
8750

11560
8389

14235
10749

11855
9095

11837
8899

12240
9293

13326
10325

CSf_movie_06
36143
1372

34172
1412

39455
1501

39417
1408

36363
1481

39523
1442

39668
1538

37703
1477

36712
1400

31923
1167

28749
1279

37035
3256

37464
3418

39639
3483

40811
3577

39607
3489

39930
3696

40723
3702

40506
3562

37514
3251

34652
3249

28899
2592

34309
3075

37341
3301

38585
3471

36814
3192

35542
2998

36540
3225

33977
3262

39210
3357

37659
3218

37987
3237

27031
2480

39654
6389

37714
5987

38325
6004

40771
6592

37184
5928

39280
6286

40220
6489

39034
6264

36119
6000

35630
5438

27460
4807

39540
1077

40806
1167

37711
1048

40851
1155

40469
1167

40980
1167

38415
1143

40856
1167

35489
1034

36134
1056

29986
697

37955
4318

39332
4452

35667
4105

37265
4261

39408
4236

36641
4113

37323
4160

38029
4166

36474
4027

35795
4219

26426
2853

39777
9485

39629
9507

37170
9163

39579
9567

40945
9784

36665
8861

39322
9477

39072
9408

36432
9200

37616
9078

27538
7400

40159
6322

40633
6573

34915
6053

40550
6367

38418
6332

37616
5748

39675
6194

40214
6553

39880
6321

34972
5587

33339
5689

40782
3814

40519
3795

40082
3618

39949
3774

40871
3900

38838
3810

39701
3629

40234
3796

40249
3943

37300
3361

27866
3218

37513
5280

37094
5330

38501
5487

36652
5238

35443
4923

36485
4748

36466
4870

39628
5476

39882
5472

36458
5119

34831
4691

32393
9491

33725
9264

37872
10447

35622
9730

35031
10047

35068
9396

37211
10187

34055
9830

35860
9860

35879
10022

25031
7389

28271
9275

26935
9101

26459
9198

26241
9025

28414
9647

24712
8259

25201
8856

31418
10033

25586
8890

33115
9920

24127
8285

CSf_movie_07
20905
8991

25910
10599

24695
9917

24864
10691

23122
10460

22765
10343

19600
8692

18875
8878

24847
10652

24980
10715

26529
11576

17579
4047

27712
5889

25416
5306

24253
5289

25345
5788

21637
4940

16340
3569

17215
3535

25706
6223

19599
4709

25972
5821

26475
1359

30664
1960

36675
1543

38148
1983

35456
1605

34136
1831

29983
1123

27117
1327

34070
1685

38538
1367

40454
2503

24496
3217

27241
2906

36303
4096

38087
4568

33726
3556

30514
3670

29193
3278

26683
3013

28104
3685

35800
3806

37049
4346

23764
4029

25246
4342

37819
7520

37102
7209

32264
5750

30973
6268

26460
4519

27127
4831

31219
6121

31282
5705

38551
7318

24758
5183

28834
6232

35905
6955

34853
6246

34508
6189

32992
6325

30149
5597

30002
5340

31572
6128

33338
6571

38845
7771

23440
8017

26274
10648

34197
12547

30956
11337

32903
11756

32535
11926

27168
8841

27192
9041

29838
10141

29211
9664

35262
13117

19789
6078

18077
5892

29746
8428

29791
8149

27842
8180

28697
8028

26703
7223

24317
6092

24765
7234

31616
9179

31571
9599

19918
7922

21033
9560

27834
12714

28442
11834

28847
12080

29651
11789

27628
11646

25080
9891

26045
10673

27211
11396

30925
13112

25366
3617

27797
3660

34011
4728

28499
4009

33119
4454

30072
4233

29445
3528

24795
3347

25391
2825

28595
3955

34100
5309

26031
2373

24151
1854

38568
3084

37434
2964

33331
2615

33202
2760

29553
2342

32650
2992

27300
2189

29331
2608

38843
3191

27282
2343

29849
2265

40470
3206

37147
2494

39264
3040

38227
2761

35170
2796

31779
2061

30505
2650

34353
2644

38787
2856

CSf_movie_08
14327
4030

10860
3452

13498
4417

15414
4694

19007
5177

16044
4220

18099
4560

10687
3822

11946
3544

16354
4636

15502
4421

14664
2343

19121
2634

20929
3492

24410
3763

22362
3565

20063
2868

21449
3961

16785
2934

18141
3025

21923
3797

20470
3536

11045
5503

18883
9931

15008
7981

14546
8573

17691
8979

14131
8061

17742
9299

17570
8721

14069
7789

16563
9553

14753
7713

13370
5667

20176
8245

14710
6709

20931
8380

18923
8861

16199
6087

15693
7399

18128
7893

21141
8083

25897
10734

19967
8373

15872
2649

24490
3849

15301
2923

21469
3354

18715
3305

16972
2686

21498
3295

17788
3288

19062
3721

22546
3731

25154
4230

18977
5139

21775
6705

17518
5760

19223
5567

18148
6811

15472
4921

19981
6450

18408
5092

17891
6381

20054
6170

19632
6438

16044
5450

19633
6912

13956
5754

16324
5703

16616
6374

15521
5890

17594
6350

16087
5531

16220
6977

19968
7491

17678
6564

18138
1422

20733
2531

17734
1475

16003
1395

21112
2033

20133
2100

17700
2240

17240
1689

13812
1945

16542
1568

20877
1998

9446
2900

15234
3558

16245
4331

17234
4424

16034
4488

17544
4743

14307
4961

15582
4073

14368
4134

19989
5620

18122
4921

10579
3293

15251
5216

12269
4489

19998
5807

16571
6348

16804
5886

15085
4996

12281
4396

14216
4214

20104
5893

17380
5459

15596
1659

20495
1960

15425
1544

25158
2752

20905
2377

19047
1698

19340
2360

15499
1815

20708
2213

20705
2490

20573
2022

15552
4325

20238
6436

14689
4113

20297
5310

24925
6851

20196
5869

17715
4950

20844
5032

18854
4948

19502
5836

21840
6619

CSf_movie_09
15500
9040

17199
9169

14069
7427

14509
9120

10685
7087

14869
8378

12393
7093

17593
10050

12840
6552

15234
9065

13634
8124

15667
7145

12547
5842

14387
7113

16427
7815

15046
7157

14951
6762

11276
5481

14103
6691

13746
6349

12458
6636

12884
6544

16026
6249

11165
5335

13250
5128

11200
4360

14972
6078

11197
5103

7198
3608

10023
5221

10450
4903

14864
5414

9195
4293

13852
6305

13952
6352

14341
5456

16795
8046

13898
5506

13535
6498

13730
5211

12507
5058

12053
5275

13509
5525

14101
6866

14198
1471

15819
1350

11462
1223

16751
1841

12794
1269

12346
1539

9309
1559

14573
1476

8668
1089

13408
1190

13958
1384

10882
5593

15080
6497

15990
6746

14230
5820

13416
6369

16951
7202

9930
4819

10772
4473

14280
5661

14919
6453

14010
5975

15274
7662

15066
7453

12921
6489

13892
7043

12718
6791

17052
9010

9301
4775

15321
6475

15656
7739

13438
7098

12493
5738

11195
5321

9725
5136

7112
3728

13073
6121

8442
5051

8572
4060

8051
3631

14020
6052

13256
6326

12117
5954

10644
5161

17144
8959

13445
6799

11209
5966

12277
5495

14470
7500

9947
5891

14172
6288

14845
6707

13370
6898

12770
5489

10201
4581

13700
6894

14287
7915

12943
7021

12914
7621

10016
5966

14658
6808

16096
7404

14853
7126

14539
7768

13709
7512

16003
8464

15560
8113

12826
7684

16500
7898

14162
7467

14175
8051

15129
7678

13549
8398

13962
7451

13930
8017

13384
7931

12876
7199

13806
8785

12935
7466

11018
6686

14696
8067

14492
7891

14032
7569

12366
7115

12165
6910

10622
5601

15470
9627

12657
7708

CSf_movie_10
35359
8818

30926
7369

35033
8642

36812
8814

36463
8795

39752
9697

34045
8539

37514
9083

34172
8557

37004
8850

39215
9504

37107
6420

30142
4831

34914
6013

35987
5833

35253
6221

37770
6401

35232
6387

39726
6487

33861
5991

38913
6357

38020
6293

31460
8851

30295
8253

29814
7952

31584
8472

33349
8726

34675
9464

28398
7972

33216
8959

31093
8475

32426
8819

33698
9573

35695
5453

34908
5076

29704
4296

36502
5340

37343
5375

36913
5313

36995
5525

36472
5609

35000
4790

34835
5379

37315
5482

37602
6804

36024
6715

31468
5193

36575
6332

35857
6561

40281
6911

32751
6201

37835
6943

36469
6605

39068
7031

40780
7203

37310
9085

35953
8320

34397
8525

37905
8918

36230
8669

37974
8934

38553
9187

36418
8379

33386
7619

37268
8591

38349
9104

39450
4584

36963
3976

33251
3712

35555
3705

39423
4314

35786
3869

36980
3953

37519
4201

35364
3923

36472
4209

39606
4257

34043
5331

34470
5436

27511
4375

35034
5378

31125
5217

37145
5702

38762
5895

36692
5700

34943
5864

37100
5851

36044
5524

37619
6871

39607
7243

32586
5498

35526
6422

37461
6595

35886
6190

38917
7042

37006
6248

38393
6670

40155
6959

40905
7268

34522
6033

33878
6680

31042
6533

35036
6644

36465
6932

32751
6164

37344
7314

35248
6684

38637
7320

36926
6895

36920
7183

37580
4252

38915
4405

32363
3366

34887
3423

39013
4471

36721
3681

37521
4408

37317
3539

40321
4365

36894
4653

38440
4635

38745
4771

37574
4466

32690
3816

37098
4870

40715
5021

36697
4719

39719
4909

35147
4679

40736
4986

35612
4450

37921
5025

CSf_movie_11
12347
6974

12082
6998

15080
7994

13848
7215

13285
7739

12874
7969

11779
7985

11511
6512

16389
9460

14398
7258

12251
7013

11398
8375

11022
8310

12545
9407

11509
7883

10889
8202

10370
7881

11103
8496

10710
7524

11739
9052

9941
7829

11174
8209

11840
6765

11922
6881

11911
6653

10763
5914

11652
6792

9019
5765

13116
7163

12580
7154

12907
7733

12073
6587

13716
7350

14986
9158

13701
9053

12091
8006

13592
7899

13956
9215

12141
7311

13267
8709

10889
6923

16444
10248

15379
9017

12923
8514

13099
7011

11965
5460

10398
5406

12277
6203

14731
7938

10902
5664

8249
4307

11591
5733

15257
8159

14918
6424

13061
6607

12698
5332

11433
4627

11497
4447

13547
4483

14995
6473

13200
5146

14745
4043

11865
5068

23077
6403

15897
5684

13275
5036

12670
7982

11372
6502

9153
5999

12126
6911

11511
7071

13694
8284

12107
7244

13599
7798

14276
9334

12647
7188

11026
6836

12357
6976

13006
6656

14051
6584

14066
7334

9412
5039

15829
7952

13651
6698

9669
4983

17321
9776

13332
6529

15282
7876

12310
8293

12616
8302

13376
8802

11870
7577

13142
8773

13345
9052

14691
9585

9821
6549

15459
10435

12567
8132

10639
7379

16482
1824

13106
1336

13360
1409

16601
1278

15977
1555

23590
1303

14403
1951

16733
1565

14737
904

19478
1381

16366
1556

14124
6410

10737
5001

12094
6234

15179
6647

15496
7021

16228
7848

12440
5097

12281
5066

11551
5711

18998
8795

15050
7196

11413
6514

11334
6001

13046
6246

12068
5946

12886
7121

12925
7278

10460
5876

12761
6720

9365
4986

14939
8707

14145
7948

CSf_movie_12
14766
7140

17594
9207

12248
6110

14999
7794

16035
7925

17734
8808

19269
9341

17694
8198

17420
8271

13825
6348

13769
6766

13977
6866

19584
9342

17470
7741

18791
8583

18916
8764

18756
8922

18202
8275

16737
7832

18712
8298

13844
5713

18153
8407

16914
4329

19683
4546

21012
4839

18538
5777

27261
6363

25833
5279

23638
6557

25344
6450

22062
5480

18514
4467

21415
5020

12301
6224

18162
9260

21987
11005

15760
7519

19212
9477

17571
8949

14998
8140

19023
9379

14937
7176

13844
6094

18576
9188

12200
5878

16595
7931

15265
7835

13103
5494

14262
6251

14310
6958

14902
6520

12935
6349

15846
7705

14021
5750

12332
6089

16583
7333

20313
8646

28174
12597

19813
8722

17702
8065

24311
9922

21615
9282

23456
9515

23503
11075

16722
7777

19891
7879

18190
7431

20042
8242

26443
10290

17876
6774

17990
7091

24052
9356

20714
8281

22833
9378

20510
8085

16980
7016

19022
7676

19271
6139

18792
5999

24294
7600

14953
5632

17803
5158

21031
6178

20116
6028

21011
6242

19276
5945

19058
5160

16182
5201

17483
7445

17058
7719

25781
10979

18551
8239

15402
7290

22467
9238

22289
9697

20415
9299

16302
7118

14874
6050

17709
7756

17374
8416

19459
9058

22757
11249

14762
6555

18639
9594

22659
11812

20035
10193

19221
8544

16720
8766

13625
7339

17928
8607

14110
4695

14800
5334

19618
6864

14001
4482

16530
5224

16283
6280

16775
6143

19146
6413

15590
5222

13965
5484

14181
5252

13391
8351

18389
10567

21566
12402

18151
10360

14712
8619

18484
10949

18061
11497

15732
9540

17638
10807

17645
10340

13725
7809

CSf_movie_13
38588
1679

38739
1636

39631
1781

38342
1577

37573
1703

36439
1432

40124
1876

38293
1522

36946
1656

38305
1547

35250
1650

38594
2837

23570
1400

39029
2666

40984
2803

34721
2565

29781
2356

33111
2293

41040
2848

23880
2064

41040
2848

26518
1990

38940
2186

26029
1669

40717
2244

26076
1634

37649
2289

39236
2317

41011
2347

38988
2125

31630
2149

30927
1891

33452
1829

39776
2486

39228
2442

40711
2568

40490
2403

38765
2364

40319
2423

40807
2566

41040
2568

39500
2427

41040
2568

37560
2220

28790
1652

40377
1971

13515
779

34093
1661

6493
597

10271
755

25037
1446

40616
1985

17879
1046

41040
2005

18683
1160

37129
301

20606
220

36506
270

38310
390

15176
6

40344
474

37564
440

32911
214

37185
402

36594
229

32662
398

36911
2093

29044
2009

39079
2085

40294
2412

17988
1314

40628
2304

38840
2391

36524
1799

40019
2282

38452
2000

36989
1894

40546
4265

33837
3715

41008
4503

40800
4371

30466
3569

40157
4206

39025
4098

40752
4326

34888
3817

38395
4323

36085
3716

38318
1852

41040
2210

38868
2033

41040
2210

41040
2210

37697
1872

36584
1823

40752
2206

38605
2076

41040
2210

32973
1352

37074
2215

28666
1781

32193
2178

39568
2471

27382
1692

40589
2692

40828
2748

36198
2273

39056
2414

35900
2227

32958
2161

38313
609

41040
639

30612
483

41040
639

41040
639

36873
604

38505
635

36555
631

41040
639

32506
467

30497
442

35430
9159

28131
7303

33990
9125

37768
9450

24159
6722

39867
10554

37844
9935

36319
9528

33709
8715

31920
8502

31260
8322

CSf_movie_14
12335
6252

17669
7590

15375
6526

10961
4908

14926
5956

15797
6339

13888
5552

11672
5783

15596
5584

16466
6308

12695
6409

12561
3814

22158
6108

17547
4932

18394
5012

17432
5142

16654
5513

17457
4888

22093
7567

19471
5632

13720
3350

19896
6151

17530
2399

22057
3661

15581
2921

16061
2836

17466
3047

17502
3009

16237
2468

18755
3414

15875
3461

10634
2270

21564
4045

14842
5866

16472
5658

15062
6270

16498
6470

15919
5797

19838
7717

15367
5335

20777
7415

17195
5500

14735
5390

16720
6360

11823
4300

18938
7304

17611
7220

17328
7414

22246
8919

17240
7288

16453
5483

25359
9469

19927
7365

16938
6682

20622
8661

13637
4392

15707
5774

16541
4930

15590
5067

20933
7171

17083
5690

14875
5275

15622
5872

18070
5805

17597
6324

15920
4744

15802
5948

16525
6219

17587
7135

20237
7169

16700
5963

17902
6519

14714
5403

21468
7213

19352
7261

13222
5238

19634
7808

13720
6740

17009
8617

16221
7782

15646
7119

15670
7511

15676
7789

14410
7459

17311
7577

12951
6436

15542
7869

12547
6530

11892
2396

22109
5124

19343
4038

21466
4150

24202
4726

17361
4008

21548
4465

17664
3233

22827
5073

15168
2738

22210
3933

14249
5336

18491
7548

15019
6148

17007
6631

17288
6997

18070
7442

18356
7891

12269
5117

21806
9586

13960
5209

13206
5271

16858
6500

13914
4746

11191
4832

15532
5966

16711
6506

19067
7343

13581
5237

16023
6408

15448
5511

14945
5571

14608
5012

12991
4677

20356
7005

22206
7896

17566
8381

20414
6935

17401
6755

20049
8615

13483
6374

22617
8434

15103
6761

14618
6755

CSf_movie_15
16543
6211

18036
5896

15000
5569

17327
6243

15131
6028

15759
5875

15103
4224

20720
7268

13356
5349

22257
6541

14973
4228

16389
7146

13716
5867

13677
6445

16636
8195

14016
6946

19172
7814

13163
6414

14849
7355

16487
7076

17590
7293

13207
6102

18155
5692

14398
4601

15660
4497

21238
5543

16340
4524

18817
5751

16520
5133

21296
5798

15540
5312

18554
5462

15927
5700

14453
8539

13336
8891

14957
8846

14781
8265

12151
7865

17003
10281

13713
7900

15678
9117

14122
8904

16105
9465

14911
9483

16010
4423

15543
5843

18989
6188

14165
4780

12946
5211

16693
6130

16702
5574

21283
6562

12420
4445

19537
5369

13667
4620

14544
8382

13316
8471

15111
8926

12030
7328

13794
8718

11340
7813

10144
6247

12585
7924

12199
8146

12773
7825

11869
8097

15125
3150

18438
4017

17278
5331

16482
3998

16847
4326

11101
4048

14377
3464

18281
4835

13248
3677

18972
4861

14778
4705

14376
4387

12223
4541

13956
4572

13041
4094

16819
5922

9556
3583

14239
5192

16911
5872

13197
5059

16830
5341

12556
4304

17065
5023

12586
4678

17893
5878

13598
4763

20112
6134

10877
3966

16522
5588

15508
5298

10723
4002

17742
5725

13873
5557

12944
8680

16311
9650

15137
9362

14350
9022

13198
8244

12554
7882

13986
8686

14422
9084

13133
8742

17378
9885

13795
8539

20899
5200

16597
4440

15815
3770

15198
3911

19394
4308

12183
3257

18427
4821

16484
3727

19526
4490

16589
4364

17250
4091

15077
6633

13442
7567

15882
8432

15448
9121

14715
7973

12728
7915

16287
9741

13466
7041

17242
9593

14291
8952

18381
9493

CSf_movie_16
8156
4503

9795
5668

8867
4364

7481
4165

8240
4448

8064
3873

7153
4013

8680
5253

9311
4641

9012
4540

6434
3399

9639
4775

11269
5786

8649
4715

10396
5047

7957
3447

10501
5793

11448
4781

11680
4620

9194
4951

12100
5388

11379
5935

10012
5149

10110
5461

8432
3893

10147
3902

8298
3973

10116
5327

8353
3862

9030
4464

7711
4425

10196
4787

10335
4708

9074
6045

7721
5094

8407
5425

9630
6200

9745
6666

7682
5468

7697
4885

8929
5656

7168
5464

9889
6303

10136
6124

8796
5579

9959
6421

10839
6013

10261
6574

9330
5950

8915
5690

9698
6190

11225
6392

9856
6779

10468
6360

8623
5194

8732
5087

7170
3770

8502
4623

10052
6155

8936
5583

9890
5625

7312
4342

11025
5925

9147
5216

9700
5420

10143
5538

8012
5408

9294
6031

9835
6442

7524
4877

7974
5053

8817
5748

8799
6362

9261
6045

7885
5368

8733
5817

8917
5427

8030
3859

11111
4608

8872
4104

8237
3266

9533
4878

7528
3887

9921
4755

12501
5050

8579
3975

9027
4194

6526
3278

10032
4202

11522
4585

9720
3540

9761
3852

11353
3934

11442
4180

10200
3680

12850
4698

6372
2682

10370
4079

10441
4960

10456
4034

9087
5249

8308
4341

7820
3339

10159
4478

9965
3752

9209
3856

8900
3966

6730
3774

9303
4184

9823
4375

10451
7579

12312
7791

11205
7598

10988
7396

10956
7124

10584
7155

10230
6851

9602
6572

10856
6673

9500
6430

10404
6709

7410
5016

11318
6257

11269
5682

10884
5935

8821
4352

10728
5929

9931
5572

6939
4327

10600
6468

9826
6509

10120
5954

CSf_movie_17
10597
7215

13444
9080

13180
7942

11353
7399

12395
8088

14371
8091

11230
7524

11645
8020

11372
8417

11633
6698

11975
7901

11324
8409

12800
9388

12817
9407

12933
9973

12537
9464

12634
9978

13052
9542

13048
9283

12955
10182

13422
10541

12534
9364

13925
4377

12379
3874

10997
3724

13258
3697

10533
3463

15873
4829

13471
4612

14908
4906

15208
3502

12972
3631

16414
4983

15009
4442

12614
4270

11484
3494

12474
4213

17116
4930

16617
4870

14251
4301

15725
4206

7908
3557

13558
5853

13788
3960

11352
5062

12075
5840

12999
5403

11784
5464

11839
4961

14268
6106

13785
5725

12632
4790

14070
5827

14446
6049

12435
4774

13090
6226

12377
5936

10810
5126

17160
7264

12670
5545

12747
5590

13572
5592

13392
6029

10320
5745

13860
6709

12184
5615

14334
852

11353
694

15565
884

15588
1132

14236
1320

11914
772

13616
856

12525
764

6271
718

18235
1218

17734
1091

11954
5969

12590
6457

13545
6160

14118
6843

14581
6882

13359
5328

14206
6862

14368
7024

13860
6789

15694
6953

14871
6169

10897
2819

11611
2559

13467
3038

14505
4066

11807
2825

11027
3306

12018
2941

12847
3340

13284
3790

9565
3182

12886
3530

10447
297

11107
295

14248
497

6425
202

12246
371

8396
162

5874
260

11782
322

12863
395

7209
134

12454
351

13342
2529

13597
4356

13509
3862

14142
3218

15622
3743

14121
3342

19986
3683

16264
3121

10448
3424

9748
3608

13576
3848

13314
5685

12915
4902

17550
6087

14682
6252

13820
5238

12557
6075

19536
8042

15518
5872

15616
6602

15606
6107

13679
5636

CSf_movie_18
22465
4041

16872
2578

18703
3463

14299
2594

24672
4223

15321
2565

16744
3171

14161
2238

28197
5103

15803
2661

14423
2181

23154
5718

21287
4801

17217
4081

12575
3190

22743
5401

14982
4214

17115
4781

14632
4489

23047
5994

15875
4547

14654
4022

17898
7162

21271
7606

18649
7049

16375
6545

18969
6516

14102
5775

16566
6976

12743
5526

17489
7481

13398
5396

13692
5206

20099
6866

17638
6051

19068
6615

16355
5819

20690
6843

16096
5918

15998
6426

14076
5635

22114
7787

15800
6084

14570
5804

14985
7350

12265
6156

16168
7444

14940
6722

13365
6204

14125
6719

13563
6672

14641
7439

14381
7173

11619
5327

12193
5970

25885
7365

23132
7178

19365
5914

20487
5379

14175
4332

15910
4925

15125
4460

14026
4998

23844
6474

14603
4764

15281
5019

16200
8632

15178
8135

14236
7877

15714
7733

14578
7849

15699
8469

13045
7007

12708
6547

17078
9156

13712
7633

12127
6793

16881
6384

16457
6579

15901
7490

14439
6149

13133
5802

14086
5491

12328
5290

14502
6338

17106
6533

12773
5707

13571
6571

15454
5958

15159
5011

13649
5663

14304
5233

15644
5952

14239
5531

13152
4286

15738
5662

15650
5623

15486
5437

13536
5522

30619
2169

23795
2131

18298
999

22209
2226

15509
1488

24023
1973

17577
1558

18401
1428

15616
1484

19470
1678

17882
1528

18483
8177

17093
7694

15536
7129

17343
7923

13772
5898

16149
7742

14903
7313

15234
7317

16407
7428

20412
9711

14698
6687

15537
9474

14987
9267

14115
8378

14384
8630

12889
7708

15274
8803

12346
7816

14460
9944

13110
8673

17477
10786

13599
8645

CSf_movie_19
15607
4638

12286
3497

15437
3776

13896
3849

10182
2763

14154
3274

12930
3462

14149
3585

13041
4664

12883
3344

9766
3424

16551
8215

11040
6164

17122
8393

17579
9613

13300
5787

15223
7792

14295
6643

17845
8705

20976
10588

19619
9654

14514
7055

12932
5734

11057
4458

19729
6844

16485
5669

11530
3995

15684
5210

15010
4776

16450
5136

14640
5675

16637
5732

12556
4351

14870
2981

16318
3829

18161
3448

18651
3902

13535
2673

18022
3801

15134
4003

18970
3571

22861
4998

17023
4494

10292
2981

13950
4339

16913
6332

15964
5332

18983
6518

10777
3484

18945
5985

15550
5561

18777
6128

20101
6741

16895
5201

14830
4865

10922
5828

13413
7166

11605
6621

14696
7578

11380
6656

14640
7749

10910
5977

14127
7934

14137
7617

12703
6780

13639
7751

14658
4257

14868
4008

15140
4842

19023
5672

19178
5888

14032
4093

15087
4511

16295
4669

19117
5014

20031
6368

16804
4593

13584
4388

13852
4593

14377
4051

16464
6076

16367
5767

10447
3321

15185
4896

14675
4560

15139
5822

13046
3677

12279
3884

13991
4509

16505
5205

15604
5043

19063
6047

18502
6157

12668
4622

15625
4864

13862
5027

20831
5917

16614
5256

14900
4570

12877
1458

20193
1411

13740
1593

23139
1798

19993
1559

13503
1140

18569
1138

14879
1304

20999
1596

17331
1848

14910
1083

13822
4914

19505
6839

16486
5373

18456
6717

17653
6209

12412
4464

20670
7032

13170
5043

17627
5675

18849
6026

14997
5307

9757
2453

13643
3126

11120
3600

10538
2890

14635
4427

12521
3445

16143
3732

11696
2593

15176
4052

15042
4059

14287
3745

CSf_movie_20
15959
5270

19646
4914

16680
4325

15180
3887

22094
7021

13140
3788

17915
4744

21674
6287

17758
4147

12209
3281

23447
5637

16397
7742

14354
6245

13193
6971

15508
7032

15606
9035

13654
5993

15685
6920

15988
8074

17026
7647

14472
6639

18821
9081

19527
6137

13778
4275

14730
4912

12511
4181

19989
7526

13989
5108

16262
4549

20166
7067

17611
5625

10520
3359

22475
6775

16810
6211

13006
5072

15085
6098

10938
4402

17809
8947

13121
4844

14778
4936

17337
7985

10207
4338

17024
6115

19906
7561

14608
5124

14529
5061

12249
4085

10491
3947

11529
5814

12990
4850

15570
4985

14103
5647

15311
4509

9524
3497

14277
5282

20384
63

14196
73

19321
70

16343
66

11154
46

11170
56

9352
14

34032
131

16261
37

11320
81

18501
62

12298
5056

12069
4556

13527
5659

11855
4901

12367
5118

11714
6938

14625
5340

13845
5848

14784
5550

13445
4831

18196
6326

17293
4355

14484
4407

15245
3859

14117
3563

15141
4029

9498
4776

14609
3934

13710
4728

17291
4082

12291
3372

18702
4841

22086
584

15925
487

20341
282

17374
785

14586
350

34414
916

15002
624

15382
386

17415
173

15634
512

28577
770

17647
3182

16467
2537

17609
2815

10000
1672

15813
2172

17157
3441

15597
2188

18035
2720

17182
2999

19138
2633

16159
2687

10806
3561

12806
3898

9484
3149

15714
4798

8831
2534

10457
4873

12709
3158

11715
3104

13223
5079

17016
4886

12499
4201

22086
1082

16436
971

21397
1417

18931
913

13716
411

19198
1497

18063
833

18643
604

23113
1174

15026
667

13391
733

CSf_movie_21
16904
10365

16090
9295

15717
9543

17370
10699

19308
11454

16940
10836

17893
11572

15234
9758

16030
8722

14656
9471

14579
8912

17209
10298

15243
8745

14290
8310

15979
9555

16914
10353

15173
8955

18166
10130

15264
9118

16716
8995

15369
8735

13960
8275

15056
974

14660
1243

16250
1482

13816
895

16391
1511

12952
789

11994
709

15701
1417

15618
1592

11196
1233

12883
965

16172
8432

14492
7345

17018
7516

14640
7825

15641
8705

15940
7932

16602
8856

12808
6744

14195
7381

14607
7855

16123
8286

17378
7783

15748
6666

14333
7345

14306
7027

18648
8406

17859
8842

20851
8766

14593
6397

15939
8302

16008
7382

13634
6488

18953
6180

16308
6015

16413
6026

14732
5631

18004
6816

16527
6318

19734
7303

14013
5731

16162
6228

16142
5964

12414
4981

15676
7875

13294
7390

12277
7663

13913
7030

16644
8987

15547
7976

18987
10174

11428
6393

13542
7608

12677
6221

11866
6796

17952
4555

18016
4772

12352
3863

16228
4549

20889
5344

20168
6018

20816
4692

16608
4411

18022
4827

18721
4674

14240
4671

14565
7912

14610
8085

15705
7330

11843
6515

13811
7454

13934
7952

12183
7173

15912
8410

14370
7536

15555
7158

15186
7845

15435
8531

15828
9388

15631
8365

13366
7701

15445
9632

16068
9227

14477
8503

17319
9654

14397
7806

13225
7489

14748
7890

14433
7531

14955
6880

11453
5470

14059
7164

15711
6959

16361
7434

13807
6659

18376
8662

15870
7790

13562
7026

14323
7233

14788
7948

13875
6859

14038
7225

15773
7881

13791
7978

12898
7976

13908
7269

14326
8468

15881
7950

15646
7951

14833
7567

CSf_movie_22
24987
1038

25280
1257

40824
2012

40007
1994

41040
2026

31086
1486

31279
1720

32310
1589

8053
657

36860
1639

21133
1160

26002
1121

11531
627

30710
1272

26427
1204

28903
1217

13145
633

22158
946

32051
1244

9046
248

23736
1104

8569
134

24738
1846

7582
929

23154
1833

22033
1794

23904
1830

31469
2251

15998
1477

25700
1874

20359
1468

24017
1834

23808
2032

40845
4266

29296
2512

24081
2863

35267
3773

36994
4050

29495
3104

27783
3188

37107
3518

9719
1294

36691
3880

18709
2288

40035
6671

25865
4853

23161
3450

35486
5878

39293
6504

30919
4673

27371
4715

29290
4580

6909
1078

35707
5603

19552
3277

41040
2728

28599
1183

24625
1896

37048
2470

39289
2567

29580
2258

30015
2044

35949
2266

8593
1182

33765
2327

21759
2063

31794
2699

11179
1429

32532
2698

29601
2506

30900
2673

29643
2529

24960
2238

30177
2466

17950
1202

35062
2916

25948
2255

31895
6689

21841
5272

17808
4019

27747
6287

26968
6458

29586
6549

24492
5919

25449
5488

13469
3535

29878
6519

16017
3535

32474
1361

29912
1058

26316
953

37044
1515

28328
1180

35473
1501

29180
1364

25408
1039

23351
929

38432
1572

29033
1046

8666
1473

9726
2182

23514
3443

10421
1777

7249
1432

8710
1441

19479
3282

16281
2391

25648
4078

13118
2291

27957
3792

36954
1371

23741
964

26683
989

37208
1267

36046
1436

34479
1357

35459
1150

31071
1078

39655
1513

12978
533

22775
755

21175
3006

6169
1302

25330
4343

18670
2310

19173
2747

21656
3292

25867
4413

16017
2888

29098
4242

27401
4499

22542
3603

CSf_movie_23
25420
3717

20057
3142

24120
3341

21537
3494

29292
4533

21263
3395

18903
2655

19788
3048

27548
4088

23316
3430

29513
4361

25972
4955

26750
4945

28258
5122

25344
4444

26220
4550

24089
4623

20831
3904

31728
7255

30586
6167

29211
6037

28132
5729

20267
3518

26633
4193

37446
5315

28379
4665

32292
5006

25224
4058

29039
4234

25946
4225

30496
4897

32172
4704

31773
4672

24829
1478

28255
1908

37496
2264

34310
2320

36197
2357

27254
1388

31846
2274

26318
1640

32848
2093

33379
2220

35094
2387

24399
2355

25851
1748

28657
1712

34382
2317

32547
2438

23964
2173

29901
2031

32071
2408

28646
2238

27624
1903

30371
2287

29586
1552

26176
1145

32322
2265

36189
2485

30685
1816

24330
1551

30597
2090

24218
1738

33613
2126

28868
1805

34339
2136

21147
5856

23162
6622

24999
6664

26970
7340

20702
6069

23604
6795

19520
5568

27082
8243

24586
7105

23328
7086

23553
6522

18677
4515

20079
4906

28864
5766

31541
6853

28788
6037

30318
6508

19320
5028

23678
6153

29970
6819

26165
5784

27591
6770

18864
1581

29307
1783

23911
1696

23445
1773

31306
1802

21211
1918

26068
1977

23277
1590

28562
1796

23824
1717

26824
1918

27735
4690

30405
5397

30530
4672

32827
5147

27361
4444

33603
5462

25012
3888

30606
5097

29936
5030

32448
5758

31433
5550

24159
3991

29237
4566

32236
5098

33432
5449

27075
4344

28929
4743

24128
3920

27697
4508

28813
4876

32658
5137

29283
4438

29622
4112

28038
4786

31877
4726

34986
4875

30284
4444

34338
4570

24059
3800

28111
3801

28051
4954

31538
4860

28856
4405

CSf_movie_24
25387
4139

25980
4288

21200
3907

12626
2630

20355
3829

27075
4549

27330
4596

23118
3770

27420
4655

24489
4182

27670
4877

25790
5212

33732
7150

25579
5161

786
83

32928
6812

30153
6095

34404
6913

17889
3892

25976
5633

29475
6122

29215
6091

26335
4734

33778
5925

31404
5212

0
0

32627
5444

34578
5830

40281
6664

27379
4311

36330
5902

33558
5450

38845
6249

23036
8377

25923
9323

31677
10973

2119
284

27526
9687

26643
8942

36477
11719

30674
9351

35924
11323

34489
11593

36842
11737

12553
1494

610
160

0
0

115
0

1185
172

0
0

0
0

63
57

0
0

0
0

0
0

22648
5475

33184
7479

33125
7192

27248
6146

1241
156

34286
6998

35786
7888

22868
4360

33948
6963

24726
5799

32981
6981

27123
4915

30551
5228

34713
5979

25900
4346

0
0

34121
5598

34898
5880

31754
5530

34272
5880

27480
4902

34024
6063

27345
3049

34013
3467

40090
3430

34470
2973

0
0

35200
2794

34852
2981

39848
3356

40905
3651

38063
3371

40690
3506

22166
296

16204
169

24014
575

29514
642

62
1

18060
208

29936
398

37918
768

41040
785

27013
619

39297
775

27423
1981

24357
1779

34320
2375

34060
2301

0
0

32533
2142

34011
2376

40886
2667

41040
2699

34695
2329

40951
2687

24426
6109

28695
7170

31869
6595

32378
6569

0
0

21266
5260

26110
5780

37621
7776

27311
5624

33324
7378

36587
7501

27670
3115

27943
2696

38604
3427

36265
2952

0
0

30375
3246

33273
3657

40371
3782

40012
3454

40944
3815

36823
2963

CSf_movie_25
11470
8553

9514
6695

10503
6938

11568
7740

14769
10061

12647
9193

10415
7116

10887
7191

11210
8247

12983
9099

11019
7711

11764
8515

13048
9523

12779
9448

12868
9236

11572
8976

14090
9379

11464
7695

12760
8852

14430
9452

13163
8843

12467
8626

9636
6451

12885
8085

12469
8119

10684
7182

8737
6626

13468
8825

10179
6942

14316
9430

12727
8242

11878
7618

14036
8367

10683
6869

12695
8399

12492
7637

12095
6674

10890
7364

13303
7746

12803
7862

12818
7769

11226
7195

12344
7725

11879
7628

11698
7714

12725
8626

10648
7145

12023
7985

12788
8529

10675
6690

11237
7406

12133
7969

11419
7427

12749
8231

13428
8932

15942
1068

12257
497

9354
580

11759
873

13718
716

9603
866

9590
640

12029
839

13241
1065

15273
1022

9479
752

12974
7239

14139
7445

13636
7148

13425
7377

10915
5868

9241
6760

13639
6931

12909
7253

13126
6874

12159
6824

11144
6295

10819
7705

11586
7706

10455
7109

13099
8505

11462
7717

9236
6720

13766
8921

10645
7089

13118
8803

13902
9483

11609
7947

10861
7472

12465
8272

14139
9418

12636
8296

11993
8070

11116
8567

12596
8285

10365
6936

13181
8712

10384
7089

10602
7234

11766
7506

14720
8860

13112
7885

11560
7261

11798
7659

12735
7999

13353
7669

13190
8314

13745
8742

13296
8484

12222
7345

13020
6474

12888
6234

11741
5285

12191
6234

12630
6036

14056
6785

11763
5825

13430
6823

10455
5368

12317
6118

15374
7524

11424
7636

12548
7984

14263
8695

12062
8069

13680
8923

8903
7323

11159
6973

11526
7554

10975
7371

12028
7444

15647
9498

CSf_movie_26
9835
4544

12502
5187

10849
5021

8629
4493

14545
5219

10755
5210

16490
6504

12563
4067

11485
5587

9266
4800

11861
6327

11604
7351

11138
7382

13966
8511

15002
9165

17742
9030

10856
7007

12251
7629

14348
8892

11713
7295

11934
7311

11517
7049

12951
5214

9426
4097

11422
4881

11444
4904

15251
5490

11614
4920

10189
4766

13253
4796

13322
5322

11890
4949

10814
4665

13004
6130

14498
6284

13413
5887

10892
5065

16372
6542

13521
6121

12174
6169

15987
7722

11883
5927

12937
6007

13399
6525

10838
8327

15565
10481

13008
9024

10862
8132

14480
8939

12521
8837

13822
9477

15000
9961

13171
8819

11417
8591

11622
7519

18683
654

18767
779

18388
547

16983
694

14772
252

16108
370

18556
662

20926
833

16435
524

18770
796

15863
568

12975
8608

11303
7703

13000
8499

13420
8287

12419
8339

15641
8149

14898
8741

17475
8922

12970
8742

10854
7029

12661
7952

19144
3357

12483
2375

14003
2742

12022
2565

13549
3673

18297
3886

14833
3140

19085
4170

18402
3591

14440
2505

13588
3283

18305
58

16642
74

17650
78

16408
87

16003
99

21115
83

18497
89

19604
128

13918
84

14376
58

14585
70

15765
7487

12628
6308

15758
7643

12050
7062

13433
6305

16259
8488

13275
7414

18759
8217

13824
7026

14615
7822

13442
7484

12269
6439

12432
6224

14365
6502

13071
6524

11528
6575

18468
8343

11031
5798

14707
7448

13827
7000

14411
7800

11857
5662

13194
8468

11233
7669

11774
7834

12665
8097

10945
7015

13691
8408

12001
7825

13052
8219

11051
6447

12396
8085

11061
6589

